46.460113233218166
44.794783307365115
30.151946900812394
30.962821129823755
1.959236891768827
0.14899153925729858
0.5004236952093162
0.7111258122975727
0.1664214584250803
1.9670513648814036
10.01757402727209
83.6781927391064
34.678560337771664
46.46487228599794
51.99604666927841
27.977983812247317
2.197019398509542
0.15346611533856785
0.47590978445908044
0.6226283450856622
0.17120129144407717
2.0064115373452016
4.137177581573191
21.447964920039556
86.669861342278
13.105750968302686
7.868637692480365
9.271854328048741
1.9897031001518108
0.1951303354970128
0.49989443157365304
0.8744973610762358
0.16612228791035163
2.1262070330236953
16.818905935331355
10.274558539039518
46.5701813844084
25.841197014586324
53.9040439487235
33.35175237516684
2.0429071888921815
0.1495122228551976
0.4774845726502362
0.5800513555920694
0.16306618740782142
3.159264961383277
28.426411646092596
74.62851144931068
27.18047556372508
30.71567770454781
10.602279564445736
16.608765186799083
3.5204618549648603
0.15076417744622503
0.502851146577566
0.5353108068308193
0.1686092294949718
1.420737615643652
4.022934512080956
8.447686033289125
82.0508451300896
61.60072047761613
20.109363672923458
25.024611898909317
1.9767141556081596
0.1488717130765296
0.4664252012442409
0.8839941106228146
0.16390837289312957
1.429767086279173
18.098626264856637
12.283915249116582
30.958787863971267
52.544064329445725
31.19158794616629
7.8520696742768665
2.1447146536062465
0.14887172087421355
0.49257896398051293
0.6765892438567672
0.1662746799546951
5.745984519049069
48.65906953665377
52.43431152119958
28.862158404537507
26.701156832323484
22.019973681931116
38.987775431454544
2.515933847774757
0.14957851639297431
0.5302746190198131
1.3579827212161482
0.31608040858505787
1.712863082054751
44.47090627774139
7.25584474690487
100.36396168857996
20.57294065107597
21.57112560700054
14.879250679462235
1.9885527210230112
0.15229153782957766
0.5176435771006862
0.6739081269111541
0.16304677135476764
1.6395956913432095
25.96039121465449
6.9545704079277675
14.943565931605415
38.31639902906184
58.90512394320014
4.756085136368231
3.284395016661268
0.1496179406174053
0.5288876971869838
0.5437272452582188
0.2559217371037973
5.523999435655727
15.553359060108296
61.71703705575568
