21.036258534174046
26.05581828297871
21.333597265437742
36.07001785505268
13.665854090991017
1.6981815490978336
0.8336925658018306
2.0953286621507625
2.3727039117272843
0.45404717537165357
2.437955218568009
18.032165645460495
24.165272213158932
34.451757013621425
30.611860907781793
46.9189587649386
10.538404219124637
3.1336807727145164
1.3151014754961667
1.0946479404683758
0.41721803318137307
0.36065291173065067
0.413014030657811
5.21413296561303
24.762345152239632
24.54287294418078
9.768605640795382
5.912076478603025
2.494631584889426
0.6002741314869084
0.5302286828569204
3.844419935352224
1.8096427739569894
0.5304722189240144
4.1783298851645
7.17639897039597
10.987469296449886
9.637332464843219
20.736138263608687
45.508711209053644
7.45068632317321
1.5057940745365643
0.9022329512038761
2.398786070640049
0.9107229673184624
0.3991180713447508
5.579014179870859
23.59978783601141
24.936004526407622
26.2796830323448
22.54812560380476
15.121643119898618
7.288035328013027
1.772274488375589
1.1256603208368616
0.9683171122619396
0.4436623755093936
0.23718640966220705
0.16253124656020865
0.7062721918731052
13.170565941738971
34.488314846538316
31.899450141433682
21.621080234761372
7.581681280335215
1.951002467288937
0.9972224658124524
4.686207567363105
2.012445342610451
0.39710804123494314
6.886145324807583
18.76244736619736
17.14638265736627
28.392147252323664
30.697181866304938
22.150983328335084
4.690417402334034
1.2745666363746193
0.5757926291407738
1.0436660174213288
0.967850102652616
1.1548626613690314
8.694444392464279
21.95080814120163
21.08592654671117
29.983447554445277
23.71563059041282
34.74257078304941
13.090220835360343
1.9919910025765353
1.2747454369816849
12.278959752990929
2.306550165292017
0.45762324775357094
14.896642683633944
15.221204192049417
27.002562982389318
30.177259829958434
24.197187061520633
32.28000263341602
8.020367237103928
2.0412746745427564
1.7728382032635817
2.274890322599456
0.8536340705520394
2.3542918088924596
12.892677026857136
15.803599704395134
14.338261029644315
22.462358985023414
37.60461866716351
23.707830661601065
7.79518253129395
1.5102506634084165
1.0616523165572638
0.5070947903646972
8.690965786035113
2.1028853989836063
14.890530974864697
13.582308065525838
