49.25266121824535
37.03635659999574
39.11193445549729
32.92215870311941
1.292878748185717
0.11803786794533912
1.5218617904970946
3.6380686958031543
1.2667846658011395
0.6879476227514307
13.720333914792429
149.46428371011706
36.62412524174762
66.89005267885199
61.90406861552466
25.83959542531977
1.98442742396596
0.41004046185333237
1.7204825764866023
1.5588497017369896
1.8652287831257148
0.7957768182470276
0.8477471239501116
19.628538195256723
100.0264111361095
13.706320589436848
8.524246599920705
6.88350935728165
1.8147896948741697
0.09999704920890479
1.3540326412455599
2.7149897423864253
1.6552081740242743
6.423750837049213
13.60849385719712
14.60949161821195
32.08509813723629
25.026051757700078
81.9966966494278
48.845953452943654
0.7706078108589995
0.5025827709618104
0.8001018442583181
1.636122860921746
0.5342982014625275
1.6909530853424055
39.21758975130877
132.53412103026739
33.6725418691172
45.056908229217385
14.969907468716912
13.660013396632172
3.056948906565092
0.5233763843631218
6.387235347343103
3.5282695890183593
0.6528459496492058
0.3316070267161415
0.5670059908596942
8.015770437605136
162.58493788420378
96.65496301769845
20.08395459666506
15.075532407685541
0.3473494668431861
0.22560005894216834
1.2523772128690012
6.226148255313929
0.6464975437129229
0.507491123948366
38.606046766979745
9.729717247177378
63.66125656003161
82.7238994845435
34.84710833540849
3.6621842270612035
0.528537365925515
0.2672071569778254
2.069544472572025
2.482837851034601
0.7266751229424676
3.140354879317231
65.0150411559463
38.80704680020904
63.05084943804501
23.311432886240215
24.11561183345167
58.94357946404239
8.139800475445359
0.2312351796634153
2.0192051022929536
6.796599578803178
1.0628849336849076
0.4283082352973901
89.89096434581225
9.928308316896043
141.91557238634925
40.36891721229018
35.191215174884015
22.06495597680025
1.0467961233013177
0.2912335345413367
5.196326608874584
4.99696617763478
0.6210985151748923
8.985064742614428
54.56818385781046
6.886356167615951
28.15008306994954
41.609767339872256
68.30014371349151
1.97184294615133
4.044535891668573
0.3714085743663724
3.1321293346871664
1.2124258786139996
4.576703174848737
6.5481508508423
56.43631393307009
86.48950103677214
