8.147615497904699
6.406813185796302
7.131093915029818
6.926715698941651
2.243424764430283
1.8656240788697653
2.2781571170754025
2.780924321389743
2.42155494221609
2.057557689795196
4.204011405961006
16.367608702972966
7.02085407728335
9.582563527511216
9.977457411367977
5.9061021066665
2.4530316536686883
1.976819543637181
2.269409876296074
2.3127839998622424
2.2721149181240765
2.055236915298209
2.0485452424139896
4.81775429488504
15.547447309583609
4.5912517532442
3.9985462571569275
4.27021754386712
3.001563453540117
2.1871264740514733
2.6549943532477607
3.3357690354270653
2.9081415760072313
3.698857946317083
5.1907688828236624
5.039153499345572
9.690439114807049
8.232420473868038
17.038422958165455
12.514584547700075
3.530648144780861
3.257829923531972
4.5152486725988865
3.63659039497564
3.1224566327580794
3.5510506286368666
10.792086232836398
23.094701399392463
9.9559829063625
11.590525825193689
6.6898147075507
6.40159423977988
4.161520596590762
4.076904243192539
5.971875206880882
4.1900602479353175
3.182050069734066
3.0731128192502446
3.1671920993959564
5.203448352391797
26.614203517568054
18.738515745825563
7.439509830289761
6.735310112390427
3.1342434492722826
2.9771809684551194
3.473591531575815
4.840545171222926
3.1709301366757865
3.114686867655355
10.76484631445613
5.4492639875577975
13.905453574325193
16.769311027959894
10.027760275978126
4.0644896459662885
3.1094533659027106
2.912393453326705
3.5707781642555414
3.6959271497233126
3.103245301304265
3.9239057359989857
14.016248523443364
10.442628578217185
14.140735459643947
7.5676734040668405
8.185919071366278
13.61870130596888
5.07634289583557
2.8861773182442296
3.6133024850253164
4.842265625242172
3.2455639325316565
3.0226781076031735
18.35824024300748
5.225293024618784
23.18490776414783
10.650639792081495
10.046810191076112
7.859122060136469
3.388213654397987
2.9357532220228397
4.578671741648577
4.476623635056308
3.0637668515591274
5.121023993937733
13.604921894505093
5.20085469072119
9.58157705362212
11.424980901353107
15.811571497871524
3.484319629525463
4.242639270986064
2.9855849678403885
4.040327849637208
3.374836237014463
4.437543718962776
4.459680510298464
13.152833869123684
16.994356019956637
