48.023664571010634
65.82468125086939
64.20331387489315
48.40045138334858
32.836045299754936
14.116623437679573
11.012547173288851
3.790086679137056
-3.0127471542675575
-18.565786357154078
6.2514881726870675
12.160964264802272
32.19889336445206
44.82196886682576
27.400641763128302
33.0829992525457
15.149450894817091
7.097839739674428
-13.989499214670854
-21.972987967665723
-29.756849335044564
-23.57209233599092
-23.626320634385184
-16.01094891472342
1.9931425090417159
-5.456180209407548
-12.919120427498996
-26.522485666880197
-48.29154688532904
-48.16689032906694
-71.36571310144757
-61.910945270608785
-67.43250548519127
-72.418270935961
-64.99549115765934
-55.87123205072394
-60.047015123119515
-60.65690914576377
-62.82489904280463
-52.0963411824189
-57.85695748047084
-78.04692590555919
-67.63622459928169
-77.83078126308943
-83.86798370146039
-91.35764919786763
-74.1189728718348
-50.99076589231963
-55.453088600798054
-47.68806394355729
-62.28499875261647
-66.88434102146951
-65.35786236531604
-76.90150193610432
-81.07328764190842
-89.72158910546752
-100.6765774702802
-96.99608673086982
-97.76869939535017
-111.99529871115456
-99999
-57.15481012206103
-48.46471083379596
-64.05959312846467
-67.32924879280802
-99999
-85.28104871482486
-91.68718746584044
-82.68405445949331
-93.34585659282682
-91.92274209622127
-99999
-78.0789142105322
-48.87053638826302
-45.33095996588222
-62.648605187625066
-99999
-110.17040666283278
-94.6052994289336
-117.4195922108422
-105.56356448354346
-99999
-100.807942987829
-93.50506692279086
-72.08749158948957
-63.26559680052615
-99999
-82.57727752818414
-75.15640323920192
-75.36336052316223
-108.24229688863129
-99999
-99999
-125.42108533709249
-102.72473995535907
-99.39237948597783
-89.20522634896025
-99999
-79.53491521248442
-84.71568817237593
-97.85211089373074
-81.44477884059434
-99999
-120.38076840674752
-134.23863111619687
-115.02641202218875
-101.60965892737647
-99999
-118.62982334380497
-113.80056357589163
-116.59630787130953
-108.46066827292809
-99999
-99999
-123.03914205863718
-132.6563902720138
-122.12945634431752
-99999
-99999
-120.28670281227295
