4.299189906518354
2.9647397152428265
1.4508575986688488
1.464282650894961
0.37382668153255294
0.23032507782834932
0.2034749733761255
0.21221346191603102
0.3821013955410111
0.2573704557674984
0.28019304455188876
5.157709791785276
1.4403128303748842
3.3059801336447263
0.5981715088238162
1.407311611084515
1.443266341864629
0.14506379159960575
0.13034505252261394
0.1207278332915447
0.11379562450569781
0.13561743666959608
0.149970037958603
0.3139753577899595
1.3916653229446279
0.3946965354476906
0.1884145056970145
0.19527348692526436
0.1919294284616692
0.15602351605328627
0.1312115786208448
0.20354820093372247
0.24850992129826457
0.1820681173719434
0.2442139045859088
0.24711859770392205
0.27928990467485937
0.1968356748206665
5.301113758746018
3.4668854868711447
0.15321645967873557
0.12097192515020126
0.10600909421455287
0.18552201717193398
0.10864772720663052
0.1466992070526049
1.6645600209226845
15.748709083779106
2.0851058842021066
0.5069543812438518
0.3957949488116452
0.2883701218168841
0.1629313156532675
0.1256828980222733
0.12094751596433562
0.19705535749345743
0.15978253067659756
0.14481481790377607
0.17529700921280983
0.1991228155362787
4.768988625037499
15.361140030604192
0.22385664357394994
0.16847220084477182
0.10728569463532683
0.06898280017493622
0.07079396176616805
0.2141881650525628
0.0759760319254472
0.09285742487013633
1.1683944998314535
0.43021190088222305
0.5833551330033616
0.7310795258623242
0.3254720843326844
0.1605636246242986
0.11674913599544245
0.0986131108972585
0.10281149086615171
0.09954065996015353
0.08696016556499336
0.10720514432197015
5.297281516565108
0.6674691874964191
0.3600110823325905
0.6476245193876392
0.1492646124870855
3.36087639265659
1.3403083958832835
0.12953954938904727
0.12524353267669144
0.11962941992759007
0.22848218429549214
0.1315557481415506
4.302021372078768
0.2946188733984927
6.1737909718150235
0.5179873332551294
0.3118761678055129
0.17716187101294611
0.1110129773170128
0.07970575552571979
0.07695728119724668
0.1008343468110334
0.12006878527317194
0.12863640951201788
2.737685468320475
0.31036279828184204
0.1882192322100892
0.1372528521225952
0.6840674338850667
0.15258182084622848
0.07605658223880392
0.05678064816069373
0.058037721232775154
0.05139842267731615
1.024470173408395
-9999
-9999
-9999
