26.608537562986715
11.188559322033898
13.945087036188731
33.94021988089785
29.982420980302336
38.87531493357765
56.360226752175905
32.10252519468621
25.576042143838755
9.221197892808062
19.813759734310583
55.8735112230875
34.82775996335318
29.6504523591388
36.74813902885937
39.38782638570774
34.80582913421897
52.01102267521759
78.6875
24.009648419606048
21.274793861658267
11.356046724690792
9.396673156207054
11.532581310123684
47.627032753092074
9.595625286303253
4.779918689876317
12.67819514429684
40.82993586807146
35.23365208428768
65.76004924415942
36.63593678424187
21.025051534585433
5.264086120018323
14.998453962437013
12.382128950984884
14.852467934035731
7.774478928080623
14.73038822721026
47.98113261566652
32.67587608795236
61.28664681630784
74.28195144296839
36.750114521300965
18.663937242327073
12.800876087952359
15.437643151626203
37.41837494273935
16.575956252863033
18.406521988089786
14.94903802107192
32.942224003664684
31.753149335776456
47.318426477324785
49.23202015574897
26.028573064590013
16.620791342189648
3.887998167659185
5.408354328905176
2.4209230416857537
15.546552908841045
39.674530462666056
23.498053137883648
28.046753321117727
33.29672469079249
38.48757443884563
59.210203847915714
29.77244617498855
14.090700870361887
9.044949610627576
32.968134448007326
21.223402427851582
15.539194915254237
35.1607020155749
37.830937929454876
36.76342762253779
46.556859825927624
53.76677737059093
46.338897159871735
20.39632959230417
19.864864864864863
9.759390746678882
20.853412734768668
26.128750572606506
11.731619331195603
9.077616811726982
16.584659871736143
37.71833486028401
54.37717590471828
53.043775767292715
46.32813215758131
42.54056917086578
24.31310123683005
7.995562299587723
28.704935868071463
15.666657123224919
34.27258932661475
28.292286990380212
24.66780233623454
25.543088639486946
39.361515116811724
40.29598030233623
49.65102496564361
24.608451672010993
16.989950755840585
9.59662734768667
32.853212322491984
11.256441823179111
6.990237059092991
16.2591903344022
35.218363490609256
26.612488547869905
29.19219537333944
40.117298442510304
56.34949038021072
14.219795006871278
29.28827874484654
6.085404260192396
26.95427737059093
19.14635822262941
